1623605669090 2.8569489679013293e+17 0
1623605669280 6.407849499702314e+17 0
1623605670099 0.10843057014581917 0
1623605670418 110.89508367998145 0
1623605670641 0.1049462921908315 0
1623605670713 0.13642898108086304 0
1623605670959 0.8913598358898555 0
1623605670969 0.8913598358898555 0
1623605671002 0.9031464113291999 0
1623605671061 0.896942610799709 0
1623605671647 3.131927690359251e+17 0
1623605671790 7.039678154717942e+17 0
1623605672601 1.7289269662276475e+18 0
1623605672896 6.91995747985159e+17 0
1623605672921 6.91995747985159e+17 0
1623605674980 1.144429348608034e+18 0
1623605675302 0.8910892018956019 0
1623605677102 2.8569489679013293e+17 0
1623605677275 6.407849499702314e+17 0
1623605677801 0.4896580426794454 0
1623605677929 1.4383084769567248e+17 0
1623605677967 0.14322906304496494 0
1623605678141 0.7154199170049438 0
1623605678179 2.5122019471500883e+17 0
1623605678211 0.09279237551111365 0
1623605678287 3.406433507755693e+17 0
1623605678399 1.3816926528076898e+17 0
1623605678518 8.283091439432755e+17 0
1623605678563 0.15606737072251659 0
1623605678696 0.4813026315183479 0
1623605678851 1.4979981509354096e+17 0
1623605678866 1.4979981509354096e+17 0
1623605679226 2.760944931688258e+17 0
1623605679389 2.76094493168826e+17 0
1623605679592 3.9824398189532954e+17 0
1623605679800 0.14917431460362296 0
1623605679811 0.14917431460362296 0
1623605679878 1.4979981509354096e+17 0
1623605679889 1.4979981509354096e+17 0
1623605679919 2.76094493168826e+17 0
1623605679979 6.352221077149915e+17 0
1623605680110 1.3816926528076898e+17 0
1623605680177 6.91995747985159e+17 0
1623605680252 6.91995747985159e+17 0
1623605680326 4.0238919625242214e+17 0
1623605680599 2.8604519149876733e+17 0
1623605680675 0.31190287543535433 0
1623605680823 2.6785920081491446e+17 0
1623605680850 6.91995747985159e+17 0
1623605680919 2.0131658864120064e+17 0
1623605680979 0.12577301506974958 0
1623605681061 5.80412082766293e+17 0
1623605681126 76.08504380120478 0
1623605681387 190.6854585759889 0
1623605681511 6.352221077149915e+17 0
1623605681539 1.3816926528076898e+17 0
1623605681600 3.461198387069105e+17 0
1623605681841 0.48216314190445003 0
1623605681969 1.454048985148889e+17 0
1623605682100 3.3872179934706e+17 0
1623605682573 1.4979981509354096e+17 0
1623605682622 1.4979981509354096e+17 0
1623605682777 1.3816926528076898e+17 0
1623605683083 0.2320398142082754 0
1623605683216 0.1391129896903369 0
1623605683262 7.50220018456688e+16 0
1623605683422 2.76094493168826e+17 0
1623605683522 1.3816926528076898e+17 0
1623605683714 2.76094493168826e+17 0
1623605683808 1.3816926528076898e+17 0
1623605683849 0.5166331628020245 0
1623605683878 0.5149313852507867 0
1623605683920 3.27611276530215e+17 0
1623605684046 3.27611276530215e+17 0
1623605684147 2.7609449316882595e+17 0
1623605684190 7.765151285799973e+16 0
1623605684260 4.134459985231765e+16 0
1623605684303 7.765151285799973e+16 0
1623605684332 7.765151285799973e+16 0
1623605684399 7.765151285799973e+16 0
1623605684477 7.765151285799973e+16 0
1623605684597 1.552315621571049e+17 0
1623605684659 8.261767181835994e+16 0
1623605684671 8.261767181835995e+16 0
1623605684705 8.261767181835994e+16 0
1623605684717 8.261767181835995e+16 0
1623605684744 2.6181564530608717e+17 0
1623605684882 7.940001356015803e+16 0
1623605684969 1.1395844635825624e+17 0
1623605685119 9.017228289965366e+16 0
1623605685190 4.822103323935419e+16 0
1623605685235 9.017228289965366e+16 0
1623605685266 9.017228289965366e+16 0
1623605685334 9.017228289965366e+16 0
1623605685422 9.017228289965366e+16 0
1623605685567 1.802639101374902e+17 0
1623605685630 9.636136564114955e+16 0
1623605685643 9.636136564114958e+16 0
1623605685676 9.636136564114955e+16 0
1623605685688 9.636136564114958e+16 0
1623605685715 2.8143355175211248e+17 0
1623605685852 9.260815390283866e+16 0
1623605685939 1.321235469039477e+17 0
1623605686104 1.3339406618981717e+17 0
1623605686117 1.3339406618981717e+17 0
1623605686159 1.3339406618981717e+17 0
1623605686171 1.3339406618981717e+17 0
1623605686395 4.038984855936394e+17 0
1623605686546 7.716759278714582e+17 0
1623605688344 0.7423688952729085 0
1623605688509 0.22570524325671587 0
1623605688567 4.813295300747232 0
1623605688650 2.2649366270629315e+17 0
1623605688768 5.889122415793659e+17 0
1623605688787 5.889122415793658e+17 0
1623605688843 9.931637765528556e+17 0
1623605688929 3.9239837216055424e+17 0
1623605689024 9.931637765528556e+17 0
1623605689069 0.8475751875859967 0
1623605689081 0.8475751875859967 0
1623605689401 0.7395879136803898 0
1623605689655 0.11413018076937856 0
1623605689876 8.516948353378225e+17 0
1623605689915 0.2255672986137806 0
1623605689948 8.301780645129601e+17 0
1623605689982 0.22697834233743916 0
1623605690045 0.22697834233743916 0
1623605695259 2.8569489679013293e+17 0
1623605695443 6.407849499702314e+17 0
1623605695928 0.24683314823108807 0
1623605696224 0.2128316014440764 0
1623605696272 128.29037200836441 0
1623605696881 4.475584469433428e+17 0
1623605696943 0.7962690524369627 0
1623605697528 0.7944578977925709 0
1623605697989 0.2141687527072432 0
1623605698035 1.211138261909321e+18 0
1623605698535 0.7936436685102839 0
1623605698647 0.2141687527072432 0
1623605698707 0.21558416621362722 0
1623605698828 0.21558416621362722 0
1623605698967 1.8618655106284032e+18 0
1623605699036 1.8618655106284032e+18 0
1623605699299 4.655365508118999e+17 0
1623605699556 0.7298430038304492 0
1623605699645 0.7936438541110195 0
1623605699678 5.286839064219926e+17 0
1623605699721 0.21532211795529616 0
1623605699908 1.4979981509354096e+17 0
1623605699979 1.4979981509354096e+17 0
1623605699995 1.4979981509354096e+17 0
1623605700088 0.3747992541491073 0
1623605700187 0.18942908145189144 0
1623605700309 0.2141687527072432 0
1623605700359 0.21633876510472416 0
1623605700426 0.2141687527072432 0
1623605701002 2.8609096628513702e+17 0
1623605701071 0.21633876510472416 0
1623605701187 0.18529401153031722 0
1623605701248 0.21399137138679106 0
1623605701312 0.21664080706958774 0
1623605701520 4.0238919625242214e+17 0
1623605701843 3.461198387069105e+17 0
1623605701963 0.21558416621362722 0
1623605702297 6.919957479851593e+17 0
1623605702397 1.4979981509354096e+17 0
1623605702626 9.981419960615049e+17 0
1623605702741 4.655365508118999e+17 0
1623605702836 0.22401970873698038 0
1623605702880 0.22402123105426194 0
1623605702932 0.22402123105426194 0
1623605702977 0.22402123105426194 0
1623605703028 0.22272697825027193 0
1623605703289 2.641523976652223e+17 0
1623605703371 2.641523976652223e+17 0
1623605703507 8.261767181835994e+16 0
1623605703574 8.261767181835994e+16 0
1623605703697 0.25714531587365064 0
1623605703790 0.22401970873698038 0
1623605703853 0.2321313646724264 0
1623605703905 0.23176814152244932 0
1623605703963 0.23176814152244932 0
1623605704015 0.23176814152244932 0
1623605704098 0.2323569733635778 0
1623605704449 3.0611772688200083e+17 0
1623605704541 3.0611772688200083e+17 0
1623605704697 9.636136564114955e+16 0
1623605704775 9.636136564114955e+16 0
1623605704930 0.2574609143563592 0
1623605705054 0.2321313646724264 0
1623605705458 2.8569489679013293e+17 0
1623605705617 6.407849499702314e+17 0
1623605706087 3.9824398189532954e+17 0
1623605706328 3.85719982507194e+17 0
1623605706480 0.8672324942699052 0
1623605706763 3.9824398189532954e+17 0
1623605706800 0.15359408274774586 0
1623605706988 0.732387864556495 0
1623605707129 1.4979981509354096e+17 0
1623605707144 1.4979981509354096e+17 0
1623605707502 2.760944931688258e+17 0
1623605707646 2.76094493168826e+17 0
1623605707859 3.9824398189532954e+17 0
1623605710173 6.91995747985159e+17 0
1623605711010 0.7954153267525442 0
1623605713468 2.8569489679013293e+17 0
1623605713630 6.407849499702314e+17 0
1623605714343 3.85719982507194e+17 0
1623605714494 0.7595843851561531 0
1623605714813 3.9824398189532954e+17 0
1623605714851 0.1481198297366428 0
1623605715045 0.5184655514550218 0
1623605715189 1.4979981509354096e+17 0
1623605715205 1.4979981509354096e+17 0
1623605715573 2.760944931688258e+17 0
1623605715721 2.76094493168826e+17 0
1623605715935 3.9824398189532954e+17 0
1623605716141 0.15726766305222004 0
1623605716478 0.37709296184671653 0
1623605717217 6.919957479851593e+17 0
1623605717441 0.14134152425118773 0
1623605717460 2.861915933323179 0
1623605717644 0.15726766305222004 0
1623605717904 0.15678760375950862 0
1623605717948 0.17497171706506226 0
1623605718133 0.15726766305222004 0
1623605718274 1.454048985148889e+17 0
1623605718309 0.17497171706506226 0
1623605718572 0.5267880655156868 0
1623605718656 6.549786195785271e+17 0
1623605719025 1.4979981509354096e+17 0
1623605719041 1.4979981509354096e+17 0
1623605719341 0.15726766305222004 0
1623605719552 0.15726766305222004 0
1623605719674 6.644238083134595e+17 0
1623605719743 0.15678760375950854 0
1623605719833 0.1525838086277874 0
1623605719916 0.1525838086277874 0
1623605720000 0.1525838086277874 0
1623605720044 0.1525838086277874 0
1623605720109 0.15603707377464654 0
1623605720146 0.15603707377464654 0
1623605720243 0.1525838086277874 0
1623605720315 0.152552673689151 0
1623605720382 0.1525526736891512 0
1623605720885 0.14083103534628869 0
1623605720969 0.14083103534628869 0
1623605721055 0.14083103534628869 0
1623605721099 0.14083103534628869 0
1623605721165 0.1440589540711463 0
1623605721202 0.1440589540711463 0
1623605721301 0.14083103534628869 0
1623605721374 0.14030949795022973 0
1623605721442 0.14030949795023026 0
1623605722205 2.8569489679013293e+17 0
1623605722379 6.407849499702314e+17 0
1623605723045 0.22309053732442752 0
1623605723161 128.29035961695226 0
1623605723262 0.19447834399643643 0
1623605723330 3.5603802268713555e+17 0
1623605723584 0.0820969070635121 0
1623605723819 0.7632038890397269 0
1623605723917 0.22419852214039415 0
1623605723956 1.147361581281094 0
1623605724009 1.6196787547910685e+17 0
1623605724085 4.0238919625242214e+17 0
1623605724103 4.023891962524221e+17 0
1623605724141 6.714961373672323e+17 0
1623605724195 2.6465688861843283e+17 0
1623605724287 6.714961373672323e+17 0
1623605724337 0.7816924886800166 0
1623605724355 0.7816924886800166 0
1623605724707 0.7651251811314019 0
1623605725114 0.22381865133343043 0
1623605725523 0.24480791994417983 0
1623605725605 0.22426340335292777 0
1623605725706 0.20379034805481686 0
1623605725841 1.3076625382773772 0
1623605725921 0.08143422856592529 0
1623605725957 0.22302436361046274 0
1623605726821 2.535208160229375 0
1623605726940 0.015559724810849936 0
1623605728289 0.2037487265993368 0
1623605728451 1.2287775702540943e+18 0
1623605728619 0.7644348581142618 0
1623605728726 1.7445618166279032e+18 0
1623605728797 3.5603802268713555e+17 0
1623605729105 0.01518738721639036 0
1623605729223 1.8008392022148506e+18 0
1623605729344 2.8709544315415805e+17 0
1623605729424 0.7689107269101503 0
1623605729570 1.1028162406343492e+18 0
1623605729838 0.7674017865346189 0
1623605730164 0.01859286064925874 0
1623605730262 1.7605699785617667e+18 0
1623605730379 2.8708480123985043e+17 0
1623605730458 0.718198803615421 0
1623605730599 1.0717305439851959e+18 0
1623605730866 0.7172397479427348 0
