1623605669090 3.3025463153058124e+16 0
1623605669280 9.673050849752062e+16 0
1623605670099 0.040752773758172975 0
1623605670418 14.633970260692978 0
1623605670641 0.03962182232224526 0
1623605670713 0.051805338938146095 0
1623605670959 0.5786867234600793 0
1623605670969 0.5786867234600788 0
1623605671002 0.6105601046847312 0
1623605671061 0.5886729542379575 0
1623605671647 3.997492034344964e+16 0
1623605671790 9.140669459926608e+16 0
1623605672601 1.8524100565692592e+17 0
1623605672896 8.832412674728093e+16 0
1623605672921 8.832412674728093e+16 0
1623605674980 3.5605000400717254e+17 0
1623605675302 0.5814111348324201 0
1623605677102 3.3025463152208396e+16 0
1623605677275 9.673050849573792e+16 0
1623605677801 0.23925463495840377 0
1623605677929 1.8349857707739332e+16 0
1623605677967 0.09298931634290639 0
1623605678141 0.3499588159952232 0
1623605678179 3.3821083229997164e+16 0
1623605678211 0.03271557143620499 0
1623605678287 6.113196366432505e+16 0
1623605678399 1.7635469644970382e+16 0
1623605678518 1.8718758650508352e+17 0
1623605678563 0.101620860196818 0
1623605678696 0.22973500744452513 0
1623605678851 1.911995927907091e+16 0
1623605678866 1.911995927907091e+16 0
1623605679226 3.5239814074133564e+16 0
1623605679389 3.5239814074133356e+16 0
1623605679592 3.786192873930839e+16 0
1623605679800 0.09177967425053049 0
1623605679811 0.09177967425053166 0
1623605679878 1.911995927907091e+16 0
1623605679889 1.911995927907091e+16 0
1623605679919 3.5239814074133356e+16 0
1623605679979 1.00003368838696e+17 0
1623605680110 1.7635469644970382e+16 0
1623605680177 8.832412674548178e+16 0
1623605680252 8.832412674548163e+16 0
1623605680326 5.13596688691929e+16 0
1623605680599 3.714152781993592e+16 0
1623605680675 0.07912166196346698 0
1623605680823 4.2169222592551224e+16 0
1623605680850 8.83241267454818e+16 0
1623605680919 2.569539704249805e+16 0
1623605680979 0.05348856427002634 0
1623605681061 5.5181307445348104e+16 0
1623605681126 9.923447043303945 0
1623605681387 24.51605889407182 0
1623605681511 1.0000336883869488e+17 0
1623605681539 1.763546964497095e+16 0
1623605681600 4.417762598064376e+16 0
1623605681841 0.23045520660224877 0
1623605681969 2.2891173843832464e+16 0
1623605682100 4.3214329075369256e+16 0
1623605682573 1.911995927907091e+16 0
1623605682622 1.911995927907091e+16 0
1623605682777 1.7635469644972032e+16 0
1623605683083 0.056680181702991765 0
1623605683216 0.0897456692611706 0
1623605683262 9575542247436030.0 0
1623605683422 3.5239814074133356e+16 0
1623605683522 1.7635469644970382e+16 0
1623605683714 3.5239814074133516e+16 0
1623605683808 1.7635469644970382e+16 0
1623605683849 0.32876722361533434 0
1623605683878 0.328369324889661 0
1623605683920 4.181525183755932e+16 0
1623605684046 4.181525183755739e+16 0
1623605684147 3.5239814074133756e+16 0
1623605684190 7618321319765618.0 0
1623605684260 4055408107943106.5 0
1623605684303 7618321319765415.0 0
1623605684332 7618321319765618.0 0
1623605684399 7618321319766796.0 0
1623605684477 7618321319765618.0 0
1623605684597 1.5233354971665344e+16 0
1623605684659 8107528548023984.0 0
1623605684671 8107528548024263.0 0
1623605684705 8107528548023984.0 0
1623605684717 8107528548024263.0 0
1623605684744 2.569092173751801e+16 0
1623605684882 7791616731314669.0 0
1623605684969 1.1181234531582946e+16 0
1623605685119 9362450237449592.0 0
1623605685190 5006712539776886.0 0
1623605685235 9362450237449048.0 0
1623605685266 9362450237449592.0 0
1623605685334 9362450237448998.0 0
1623605685422 9362450237449592.0 0
1623605685567 1.8716531509976908e+16 0
1623605685630 1.0005056114633534e+16 0
1623605685643 1.0005056114633416e+16 0
1623605685676 1.0005056114633534e+16 0
1623605685688 1.0005056114633416e+16 0
1623605685715 2.922082284586189e+16 0
1623605685852 9611681158954906.0 0
1623605685939 1.3718187935119648e+16 0
1623605686104 1.616265736352866e+16 0
1623605686117 1.6162657363528654e+16 0
1623605686159 1.616265736352866e+16 0
1623605686171 1.6162657363528654e+16 0
1623605686395 4.866186941210481e+16 0
1623605686546 1.3251255172699662e+17 0
1623605688344 0.44889035687186646 0
1623605688509 0.15896821759376178 0
1623605688567 0.7851302786551498 0
1623605688650 6.94494930081164e+16 0
1623605688768 9.017520281030757e+16 0
1623605688787 9.017520281030715e+16 0
1623605688843 1.1393800178888158e+17 0
1623605688929 6.551614079973796e+16 0
1623605689024 1.1393800178888059e+17 0
1623605689069 0.4965155052037272 0
1623605689081 0.49651550520372684 0
1623605689401 0.4483670817280243 0
1623605689655 0.04436536847310023 0
1623605689876 1.337929566355596e+17 0
1623605689915 0.1586082816563943 0
1623605689948 1.2711822121359506e+17 0
1623605689982 0.16017948708321106 0
1623605690045 0.16017948708321106 0
1623605695259 3.3025463152471624e+16 0
1623605695443 9.673050849631933e+16 0
1623605695928 0.1664031036295704 0
1623605696224 0.1448784285474135 0
1623605696272 16.694706321643498 0
1623605696881 8.031957896731378e+16 0
1623605696943 0.5067195771048685 0
1623605697528 0.5072692077556508 0
1623605697989 0.14555294211565334 0
1623605698035 3.714329567310777e+17 0
1623605698535 0.5034510135622068 0
1623605698647 0.14555294211565334 0
1623605698707 0.14751485449438073 0
1623605698828 0.14751485449438073 0
1623605698967 5.437671091124149e+17 0
1623605699036 5.437671091124438e+17 0
1623605699299 5.9419596267329704e+16 0
1623605699556 0.5326708102402539 0
1623605699645 0.5034510665363191 0
1623605699678 6.747952366486609e+16 0
1623605699721 0.14703133266939844 0
1623605699908 1.9119959279534396e+16 0
1623605699979 1.9119959279533644e+16 0
1623605699995 1.9119959279533644e+16 0
1623605700088 0.25855352055815006 0
1623605700187 0.12854410046582415 0
1623605700309 0.14555294211565334 0
1623605700359 0.14808267237867345 0
1623605700426 0.14555294211565334 0
1623605701002 3.7147473829439784e+16 0
1623605701071 0.14808267237867345 0
1623605701187 0.1219489209093492 0
1623605701248 0.1451569515247219 0
1623605701312 0.14597265331464152 0
1623605701520 5.135966886980369e+16 0
1623605701843 4.417762598127787e+16 0
1623605701963 0.14751485449438073 0
1623605702297 8.832412674609002e+16 0
1623605702397 1.9119959279533644e+16 0
1623605702626 9.489639500504555e+16 0
1623605702741 5.9419596267330984e+16 0
1623605702836 0.15566377260038988 0
1623605702880 0.15553240544001218 0
1623605702932 0.15553240544001218 0
1623605702977 0.15553240544001218 0
1623605703028 0.15435783316074084 0
1623605703289 2.592209460772863e+16 0
1623605703371 2.592209460772677e+16 0
1623605703507 8107528548504796.0 0
1623605703574 8107528548500244.0 0
1623605703697 0.17526309548919963 0
1623605703790 0.15566377260038988 0
1623605703853 0.1598424963652313 0
1623605703905 0.15994117323763446 0
1623605703963 0.15994117323763446 0
1623605704015 0.15994117323763446 0
1623605704098 0.1603985480911561 0
1623605704449 3.178374460362152e+16 0
1623605704541 3.1783744603620332e+16 0
1623605704697 1.0005056115129998e+16 0
1623605704775 1.0005056115124498e+16 0
1623605704930 0.17434955249291878 0
1623605705054 0.1598424963652313 0
1623605705458 3.3025463152315588e+16 0
1623605705617 9.673050849595019e+16 0
1623605706087 3.786192873954058e+16 0
1623605706328 5.354139918151096e+16 0
1623605706480 0.44513260479927874 0
1623605706763 3.786192873954058e+16 0
1623605706800 0.05571940393331146 0
1623605706988 0.3985393337372849 0
1623605707129 1.911995927923009e+16 0
1623605707144 1.911995927923009e+16 0
1623605707502 3.5239814074296052e+16 0
1623605707646 3.52398140742992e+16 0
1623605707859 3.786192873953449e+16 0
1623605710173 8.832412674569829e+16 0
1623605711010 0.48939803408004245 0
1623605713468 3.3025463174687452e+16 0
1623605713630 9.67305085406069e+16 0
1623605714343 5.35413992448575e+16 0
1623605714494 0.344326252129756 0
1623605714813 3.786192878414381e+16 0
1623605714851 0.04867850916181045 0
1623605715045 0.26069708601479036 0
1623605715189 1.911995931848611e+16 0
1623605715205 1.911995931848611e+16 0
1623605715573 3.5239814118930456e+16 0
1623605715721 3.52398141198868e+16 0
1623605715935 3.7861928783987224e+16 0
1623605716141 0.09837269509467651 0
1623605716478 0.16292726957366185 0
1623605717217 8.83241267966187e+16 0
1623605717441 0.0924157535302158 0
1623605717460 0.7071944443525462 0
1623605717644 0.09837269509467651 0
1623605717904 0.09825753660568791 0
1623605717948 0.10475392072392652 0
1623605718133 0.09837269509467651 0
1623605718274 2.289117388852203e+16 0
1623605718309 0.10475392072392652 0
1623605718572 0.26900114028592237 0
1623605718656 8.359937851026146e+16 0
1623605719025 1.911995931848611e+16 0
1623605719041 1.911995931848611e+16 0
1623605719341 0.09837269509467651 0
1623605719552 0.09837269509467651 0
1623605719674 8.476678467180616e+16 0
1623605719743 0.09825753660568848 0
1623605719833 0.09768118202345566 0
1623605719916 0.09768118202345566 0
1623605720000 0.09768118202345566 0
1623605720044 0.09768118202345566 0
1623605720109 0.0983475339495303 0
1623605720146 0.0983475339495303 0
1623605720243 0.09768118202345566 0
1623605720315 0.0977902046742085 0
1623605720382 0.09779020467420879 0
1623605720885 0.0874861470805115 0
1623605720969 0.0874861470805115 0
1623605721055 0.0874861470805115 0
1623605721099 0.0874861470805115 0
1623605721165 0.08826151569605457 0
1623605721202 0.08826151569605457 0
1623605721301 0.0874861470805115 0
1623605721374 0.08710157277744114 0
1623605721442 0.08710157277744154 0
1623605722205 3.30254631715512e+16 0
1623605722379 9.673050854276072e+16 0
1623605723045 0.15145977907345934 0
1623605723161 16.697849920219287 0
1623605723262 0.125526250907052 0
1623605723330 1.0364071484218104e+17 0
1623605723584 0.026034504716079914 0
1623605723819 0.4418169896196508 0
1623605723917 0.15326850624622818 0
1623605723956 0.16760322985705295 0
1623605724009 4.355918515724983e+16 0
1623605724085 5.135966893747083e+16 0
1623605724103 5.1359668937469944e+16 0
1623605724141 6.3840996847056456e+16 0
1623605724195 3.673988087754947e+16 0
1623605724287 6.38409968442968e+16 0
1623605724337 0.4215143518108365 0
1623605724355 0.4215143518108368 0
1623605724707 0.44282003788489666 0
1623605725114 0.15308443626309032 0
1623605725523 0.18049218771222297 0
1623605725605 0.15280631646606754 0
1623605725706 0.1345792141375926 0
1623605725841 0.5662150590636194 0
1623605725921 0.026157067437149573 0
1623605725957 0.1520866797448327 0
1623605726821 1.5995364790962379 0
1623605726940 0.007086821850958949 0
1623605728289 0.1240488082447778 0
1623605728451 3.797835266806355e+17 0
1623605728619 0.4480268292337263 0
1623605728726 5.23230858908898e+17 0
1623605728797 1.0364071484218104e+17 0
1623605729105 0.00713210004790378 0
1623605729223 5.422660292986192e+17 0
1623605729344 8.366508081263496e+16 0
1623605729424 0.4552775551965194 0
1623605729570 3.3732709795456275e+17 0
1623605729838 0.4575917876261565 0
1623605730164 0.008460706123252119 0
1623605730262 5.335666004657573e+17 0
1623605730379 8.402186582213386e+16 0
1623605730458 0.4071389496436006 0
1623605730599 3.228006936529964e+17 0
1623605730866 0.4100540458750287 0
