1623605669090 0.17004432173862294 0
1623605669280 0.29770614229317094 0
1623605670099 0.18770232345874982 0
1623605670418 0.14289227136928934 0
1623605670641 0.18818087337076053 0
1623605670713 0.14250125909424022 0
1623605670959 0.20547764296241022 0
1623605670969 0.12499999999999994 0
1623605671002 0.18432655970318754 0
1623605671061 0.19549395293180155 0
1623605671647 0.19454806980567993 0
1623605671790 0.1876928793182391 0
1623605672601 0.12526312208444132 0
1623605672896 0.19191371896186676 0
1623605672921 0.19191371896186676 0
1623605674980 0.38448675607430877 0
1623605675302 0.20596003426505916 0
1623605677102 0.25187794891764176 0
1623605677275 0.25217412139212664 0
1623605677801 0.7602350012393344 0
1623605677929 0.6497976484652188 0
1623605677967 0.6432118065179954 0
1623605678141 0.48817434235263946 0
1623605678179 0.638164294828687 0
1623605678211 0.6510175167716478 0
1623605678287 0.683228394343556 0
1623605678399 0.6490826810095468 0
1623605678518 0.6477313084726796 0
1623605678563 0.6443210384120834 0
1623605678696 0.7683477768935134 0
1623605678851 0.6513534998258188 0
1623605678866 0.2499999999999999 0
1623605679226 0.644245347990658 0
1623605679389 0.6264394662713223 0
1623605679592 0.25042408573158687 0
1623605679800 0.7417477807633088 0
1623605679811 0.25000000000000006 0
1623605679878 0.6513534998258188 0
1623605679889 0.2499999999999999 0
1623605679919 0.6264394662713223 0
1623605679979 0.30233300890442505 0
1623605680110 0.6490826810095468 0
1623605680177 0.6238147857823647 0
1623605680252 0.6416505990583294 0
1623605680326 0.6471174713806991 0
1623605680599 0.6455883530788677 0
1623605680675 0.2512760532274877 0
1623605680823 0.30350458120108614 0
1623605680850 0.6430837911199953 0
1623605680919 0.6515102056063395 0
1623605680979 0.25040252520699036 0
1623605681061 0.25028955555643884 0
1623605681126 0.6285852129904808 0
1623605681387 0.6479947897778262 0
1623605681511 0.3425690852359604 0
1623605681539 0.6236297461056348 0
1623605681600 0.6509184417350578 0
1623605681841 0.7675187045888292 0
1623605681969 0.29193297532245666 0
1623605682100 0.651802670746606 0
1623605682573 0.6513534998258188 0
1623605682622 0.2499999999999999 0
1623605682777 0.45350808458549 0
1623605683083 0.25147231342270016 0
1623605683216 0.6420891516809085 0
1623605683262 0.6500268025275785 0
1623605683422 0.6264394662713223 0
1623605683522 0.6490826810095468 0
1623605683714 0.6539490757033012 0
1623605683808 0.6490826810095468 0
1623605683849 0.6256386600252354 0
1623605683878 0.6273836186114099 0
1623605683920 0.3293306251943568 0
1623605684046 0.6509165816734972 0
1623605684147 0.6539490757033012 0
1623605684190 0.6249508673172439 0
1623605684260 0.6418985459195627 0
1623605684303 0.6244613482199695 0
1623605684332 0.6249508673172439 0
1623605684399 0.5809761196607071 0
1623605684477 0.6249508673172439 0
1623605684597 0.6193701110766524 0
1623605684659 0.6404416091754792 0
1623605684671 0.24999999999999994 0
1623605684705 0.6404416091754792 0
1623605684717 0.24999999999999994 0
1623605684744 0.6252376349744171 0
1623605684882 0.6372590368677948 0
1623605684969 0.6257058948678853 0
1623605685119 0.6434932776855373 0
1623605685190 0.6518514664658 0
1623605685235 0.6384436807828358 0
1623605685266 0.6434932776855373 0
1623605685334 0.5834049527586953 0
1623605685422 0.6434932776855373 0
1623605685567 0.6390224394576927 0
1623605685630 0.6524879749119374 0
1623605685643 0.25000000000000006 0
1623605685676 0.6524879749119374 0
1623605685688 0.25000000000000006 0
1623605685715 0.643655963807982 0
1623605685852 0.6524989987375173 0
1623605685939 0.6436350228894385 0
1623605686104 0.6677180751333216 0
1623605686117 0.25 0
1623605686159 0.6677180751333216 0
1623605686171 0.25 0
1623605686395 0.25453690891076886 0
1623605686546 0.3146802440323631 0
1623605688344 0.44888842333128137 0
1623605688509 0.4048176235831267 0
1623605688567 0.3378241074527814 0
1623605688650 0.3805498570089062 0
1623605688768 0.2549241151155513 0
1623605688787 0.25000000000000006 0
1623605688843 0.25056994236522034 0
1623605688929 0.33836170265699583 0
1623605689024 0.25066453447790665 0
1623605689069 0.28161630138856253 0
1623605689081 0.25000000000000006 0
1623605689401 0.45300971793788847 0
1623605689655 0.3304557953491472 0
1623605689876 0.33891096737205656 0
1623605689915 0.4063377108678308 0
1623605689948 0.3306945612773958 0
1623605689982 0.3976660242537908 0
1623605690045 0.3976660242537908 0
1623605695259 0.2569827932083137 0
1623605695443 0.5631187253632991 0
1623605695928 0.45971239842918854 0
1623605696224 0.46688210937301544 0
1623605696272 0.36883664863500987 0
1623605696881 0.2856229661831488 0
1623605696943 0.3659555961311417 0
1623605697528 0.3688366486350089 0
1623605697989 0.4614417704361019 0
1623605698035 0.9963985174597465 0
1623605698535 0.37012972743353884 0
1623605698647 0.4614417704361019 0
1623605698707 0.4548758088604568 0
1623605698828 0.4548758088604568 0
1623605698967 0.9725424270187246 0
1623605699036 0.9725102333117102 0
1623605699299 0.3688366486350093 0
1623605699556 0.351717165173443 0
1623605699645 0.37012943283180694 0
1623605699678 0.37308432374456746 0
1623605699721 0.45383687070114254 0
1623605699908 0.37535355533789383 0
1623605699979 0.3640533976578185 0
1623605699995 0.2500000000000001 0
1623605700088 0.48672425002934305 0
1623605700187 0.4941083549311318 0
1623605700309 0.4614417704361019 0
1623605700359 0.4513221003909319 0
1623605700426 0.4614417704361019 0
1623605701002 0.37287133169767916 0
1623605701071 0.4513221003909319 0
1623605701187 0.37254134234365666 0
1623605701248 0.4628863780191747 0
1623605701312 0.45306708782809707 0
1623605701520 0.3608803649516655 0
1623605701843 0.30554859899946124 0
1623605701963 0.4548758088604568 0
1623605702297 0.37534319794357984 0
1623605702397 0.3640533976578185 0
1623605702626 0.25207700763442054 0
1623605702741 0.35960320529569934 0
1623605702836 0.4170550336214667 0
1623605702880 0.4168908413622022 0
1623605702932 0.4168908413622022 0
1623605702977 0.4168908413622022 0
1623605703028 0.42411657665427477 0
1623605703289 0.3241467056254428 0
1623605703371 0.32590324143027005 0
1623605703507 0.3005652942392207 0
1623605703574 0.3010921818649947 0
1623605703697 0.42035107043077596 0
1623605703790 0.4170550336214667 0
1623605703853 0.3793977941770087 0
1623605703905 0.38005365861099827 0
1623605703963 0.38005365861099827 0
1623605704015 0.38005365861099827 0
1623605704098 0.3780327586413461 0
1623605704449 0.25447568636600076 0
1623605704541 0.25405522640091954 0
1623605704697 0.2634614931471927 0
1623605704775 0.2624561433264167 0
1623605704930 0.3803955080765108 0
1623605705054 0.3793977941770087 0
1623605705458 0.1348704078202257 0
1623605705617 0.1293942231100974 0
1623605706087 0.1279094143907256 0
1623605706328 0.1611275150116026 0
1623605706480 0.24790780088239867 0
1623605706763 0.1279094143907256 0
1623605706800 0.14877728505222915 0
1623605706988 0.4636080158503772 0
1623605707129 0.40370725855779344 0
1623605707144 0.125 0
1623605707502 0.36343174812133117 0
1623605707646 0.3620189529803749 0
1623605707859 0.12980260052852285 0
1623605710173 0.3621553675038921 0
1623605711010 0.3673144579671432 0
1623605713468 0.2596589398632935 0
1623605713630 0.25129504622578536 0
1623605714343 0.28008236687066873 0
1623605714494 0.42303156182694895 0
1623605714813 0.2531184100621341 0
1623605714851 0.26868175072134626 0
1623605715045 0.7311934719544401 0
1623605715189 0.6367531302057129 0
1623605715205 0.25 0
1623605715573 0.6219997270560158 0
1623605715721 0.613507845817867 0
1623605715935 0.2544063221015239 0
1623605716141 0.7103356041864091 0
1623605716478 0.3755746307034632 0
1623605717217 0.6158621674403172 0
1623605717441 0.6287123672219725 0
1623605717460 0.25000000000000006 0
1623605717644 0.7103356041864091 0
1623605717904 0.7113082119589308 0
1623605717948 0.6436378193555792 0
1623605718133 0.7103356041864091 0
1623605718274 0.26499042350855645 0
1623605718309 0.6436378193555792 0
1623605718572 0.7224943340302403 0
1623605718656 0.6289259422158798 0
1623605719025 0.6367531302057129 0
1623605719041 0.25 0
1623605719341 0.7103356041864091 0
1623605719552 0.7103356041864091 0
1623605719674 0.6370867609216779 0
1623605719743 0.7113082119589311 0
1623605719833 0.7298132629877796 0
1623605719916 0.7298132629877796 0
1623605720000 0.7298132629877796 0
1623605720044 0.7298132629877796 0
1623605720109 0.7160314113601878 0
1623605720146 0.7160314113601878 0
1623605720243 0.7298132629877796 0
1623605720315 0.7300899912801972 0
1623605720382 0.7300899912801966 0
1623605720885 0.7708503294622306 0
1623605720969 0.7708503294622306 0
1623605721055 0.7708503294622306 0
1623605721099 0.7708503294622306 0
1623605721165 0.7575483826828296 0
1623605721202 0.7575483826828296 0
1623605721301 0.7708503294622306 0
1623605721374 0.7730890683388353 0
1623605721442 0.7730890683388336 0
1623605722205 0.2557731256387088 0
1623605722379 0.34612395534501467 0
1623605723045 0.41684134011771534 0
1623605723161 0.3323318383311842 0
1623605723262 0.32505336801839196 0
1623605723330 0.9993515381680149 0
1623605723584 0.32860455454711535 0
1623605723819 0.41751982375463625 0
1623605723917 0.4105754464303019 0
1623605723956 0.32598775295393745 0
1623605724009 0.3720636299527538 0
1623605724085 0.27432464335586426 0
1623605724103 0.2500000000000001 0
1623605724141 0.251778456886802 0
1623605724195 0.33525157674759204 0
1623605724287 0.25239945121659124 0
1623605724337 0.3889568531412421 0
1623605724355 0.37499999999999994 0
1623605724707 0.4145834571986393 0
1623605725114 0.41616936868444315 0
1623605725523 0.2545331612676044 0
1623605725605 0.41019213699145696 0
1623605725706 0.32636517034084134 0
1623605725841 0.25850748769660226 0
1623605725921 0.33139943933004057 0
1623605725957 0.418493293740226 0
1623605726821 0.32398001694836287 0
1623605726940 0.9971897257892403 0
1623605728289 0.5146418077420059 0
1623605728451 0.996469837490749 0
1623605728619 0.4156393476998284 0
1623605728726 0.8746014683422838 0
1623605728797 0.9993515381680149 0
1623605729105 0.9973343627754502 0
1623605729223 0.8755549327585781 0
1623605729344 0.9992354670522692 0
1623605729424 0.40877629404250443 0
1623605729570 0.9963107590887792 0
1623605729838 0.41109449802347536 0
1623605730164 0.9960295692905328 0
1623605730262 0.8742102247739885 0
1623605730379 0.9989798346654002 0
1623605730458 0.48419047848537794 0
1623605730599 0.9949208214114976 0
1623605730866 0.4855671439710423 0
