1623605669090 8.16215740519247e+34 0
1623605669280 4.1060535210835206e+35 0
1623605670099 0.011757188542147412 0
1623605670418 12297.71958439009 0
1623605670641 0.01101372424460338 0
1623605670713 0.01861286687876249 0
1623605670959 0.79452235703759 0
1623605670969 0.79452235703759 0
1623605671002 0.8156734402968123 0
1623605671061 0.8045060470681984 0
1623605671647 9.808971057639033e+34 0
1623605671790 4.955706852201301e+35 0
1623605672601 2.989188454549137e+36 0
1623605672896 4.788581152295398e+35 0
1623605672921 4.788581152295398e+35 0
1623605674980 1.3097185339554091e+36 0
1623605675302 0.7940399657349408 0
1623605677102 8.16215740519247e+34 0
1623605677275 4.1060535210835206e+35 0
1623605677801 0.2397649987606656 0
1623605677929 2.0687312748855732e+34 0
1623605677967 0.02051456450073854 0
1623605678141 0.5118256576473607 0
1623605678179 6.3111586232646945e+34 0
1623605678211 0.008610424952995525 0
1623605678287 1.1603789242760754e+35 0
1623605678399 1.909074586822751e+34 0
1623605678518 6.86096037940042e+35 0
1623605678563 0.024357024204239425 0
1623605678696 0.2316522231064866 0
1623605678851 2.243998460205906e+34 0
1623605678866 2.243998460205906e+34 0
1623605679226 7.62281691581508e+34 0
1623605679389 7.622816915815089e+34 0
1623605679592 1.5859826911584754e+35 0
1623605679800 0.02225297613746068 0
1623605679811 0.022252976137460675 0
1623605679878 2.243998460205906e+34 0
1623605679889 2.243998460205906e+34 0
1623605679919 7.622816915815089e+34 0
1623605679979 4.035071261298763e+35 0
1623605680110 1.909074586822751e+34 0
1623605680177 4.788581152295398e+35 0
1623605680252 4.788581152295398e+35 0
1623605680326 1.619170652606703e+35 0
1623605680599 8.182185157956647e+34 0
1623605680675 0.09728340370484216 0
1623605680823 7.174855146120467e+34 0
1623605680850 4.788581152295398e+35 0
1623605680919 4.0528368862130394e+34 0
1623605680979 0.015818851319735455 0
1623605681061 3.368781858211061e+35 0
1623605681126 5788.933890231248 0
1623605681387 36360.94411233517 0
1623605681511 4.035071261298763e+35 0
1623605681539 1.909074586822751e+34 0
1623605681600 1.1979894274649776e+35 0
1623605681841 0.23248129541117082 0
1623605681969 2.1142584512125135e+34 0
1623605682100 1.1473245735290995e+35 0
1623605682573 2.243998460205906e+34 0
1623605682622 2.243998460205906e+34 0
1623605682777 1.909074586822751e+34 0
1623605683083 0.05384247537781097 0
1623605683216 0.019352423900583778 0
1623605683262 5.628300760931532e+33 0
1623605683422 7.622816915815089e+34 0
1623605683522 1.909074586822751e+34 0
1623605683714 7.622816915815089e+34 0
1623605683808 1.909074586822751e+34 0
1623605683849 0.26690982490682313 0
1623605683878 0.2651543315162942 0
1623605683920 1.0732914850975698e+35 0
1623605684046 1.0732914850975698e+35 0
1623605684147 7.622816915815088e+34 0
1623605684190 6.029757449136098e+33 0
1623605684260 1.7093759369482646e+33 0
1623605684303 6.029757449136098e+33 0
1623605684332 6.029757449136098e+33 0
1623605684399 6.029757449136098e+33 0
1623605684477 6.029757449136098e+33 0
1623605684597 2.409683788973512e+34 0
1623605684659 6.825679696686226e+33 0
1623605684671 6.825679696686229e+33 0
1623605684705 6.825679696686226e+33 0
1623605684717 6.825679696686229e+33 0
1623605684744 6.854743212704285e+34 0
1623605684882 6.304362153353279e+33 0
1623605684969 1.2986527496387563e+34 0
1623605685119 8.131040603335172e+33 0
1623605685190 2.325268046670902e+33 0
1623605685235 8.131040603335172e+33 0
1623605685266 8.131040603335172e+33 0
1623605685334 8.131040603335172e+33 0
1623605685422 8.131040603335172e+33 0
1623605685567 3.2495077298057143e+34 0
1623605685630 9.285512788227317e+33 0
1623605685643 9.285512788227322e+33 0
1623605685676 9.285512788227317e+33 0
1623605685688 9.285512788227322e+33 0
1623605685715 7.920484405180897e+34 0
1623605685852 8.576270169291851e+33 0
1623605685939 1.7456631646479669e+34 0
1623605686104 1.7793976894653323e+34 0
1623605686117 1.7793976894653325e+34 0
1623605686159 1.7793976894653323e+34 0
1623605686171 1.7793976894653325e+34 0
1623605686395 1.6313398666483533e+35 0
1623605686546 5.95483737656276e+35 0
1623605688344 0.5511115766687186 0
1623605688509 0.05094285683357329 0
1623605688567 23.167811652195386 0
1623605688650 5.129937924611208e+34 0
1623605688768 3.4681762828203346e+35 0
1623605688787 3.468176282820333e+35 0
1623605688843 9.863742870567304e+35 0
1623605688929 1.5397648247425281e+35 0
1623605689024 9.863742870567304e+35 0
1623605689069 0.7183836986114376 0
1623605689081 0.7183836986114375 0
1623605689401 0.5469902820621116 0
1623605689655 0.013025698162451029 0
1623605689876 7.253840925411204e+35 0
1623605689915 0.05088060620391847 0
1623605689948 6.891956187984847e+35 0
1623605689982 0.051519167890251724 0
1623605690045 0.051519167890251724 0
1623605695259 8.16215740519247e+34 0
1623605695443 4.1060535210835206e+35 0
1623605695928 0.0609266030656703 0
1623605696224 0.04529729057325018 0
1623605696272 16458.419550044535 0
1623605696881 2.0030856343033696e+35 0
1623605696943 0.6340444038688584 0
1623605697528 0.631163351364991 0
1623605697989 0.04586825463617629 0
1623605698035 1.4668558894607308e+36 0
1623605698535 0.6298702725664613 0
1623605698647 0.04586825463617629 0
1623605698707 0.046476532722024844 0
1623605698828 0.046476532722024844 0
1623605698967 3.466543179667564e+36 0
1623605699036 3.466543179667564e+36 0
1623605699299 2.1672428014184063e+35 0
1623605699556 0.5326708102402531 0
1623605699645 0.6298705671681931 0
1623605699678 2.795066729096182e+35 0
1623605699721 0.04636361448075447 0
1623605699908 2.243998460205906e+34 0
1623605699979 2.243998460205906e+34 0
1623605699995 2.243998460205906e+34 0
1623605700088 0.14047448091072715 0
1623605700187 0.03588337689970732 0
1623605700309 0.04586825463617629 0
1623605700359 0.04680246128703702 0
1623605700426 0.04586825463617629 0
1623605701002 8.184804098996341e+34 0
1623605701071 0.04680246128703702 0
1623605701187 0.03433387070899733 0
1623605701248 0.04579230702799954 0
1623605701312 0.04693323928776234 0
1623605701520 1.619170652606703e+35 0
1623605701843 1.1979894274649776e+35 0
1623605701963 0.046476532722024844 0
1623605702297 4.788581152295401e+35 0
1623605702397 2.243998460205906e+34 0
1623605702626 9.962874443016453e+35 0
1623605702741 2.1672428014184063e+35 0
1623605702836 0.05018482990260152 0
1623605702880 0.05018551196306702 0
1623605702932 0.05018551196306702 0
1623605702977 0.05018551196306702 0
1623605703028 0.049607306840497106 0
1623605703289 6.977648919228575e+34 0
1623605703371 6.977648919228575e+34 0
1623605703507 6.825679696686226e+33 0
1623605703574 6.825679696686226e+33 0
1623605703697 0.06612371347575956 0
1623605703790 0.05018482990260152 0
1623605703853 0.053884970464683005 0
1623605703905 0.053716471424770096 0
1623605703963 0.053716471424770096 0
1623605704015 0.053716471424770096 0
1623605704098 0.0539897630706824 0
1623605704449 9.370806271140326e+34 0
1623605704541 9.370806271140326e+34 0
1623605704697 9.285512788227317e+33 0
1623605704775 9.285512788227317e+33 0
1623605704930 0.06628612242121254 0
1623605705054 0.053884970464683005 0
1623605705458 8.16215740519247e+34 0
1623605705617 4.1060535210835206e+35 0
1623605706087 1.5859826911584754e+35 0
1623605706328 1.4877990490535003e+35 0
1623605706480 0.7520921991176013 0
1623605706763 1.5859826911584754e+35 0
1623605706800 0.023591142255121406 0
1623605706988 0.5363919841496227 0
1623605707129 2.243998460205906e+34 0
1623605707144 2.243998460205906e+34 0
1623605707502 7.62281691581508e+34 0
1623605707646 7.622816915815089e+34 0
1623605707859 1.5859826911584754e+35 0
1623605710173 4.788581152295398e+35 0
1623605711010 0.6326855420328568 0
1623605713468 8.16215740519247e+34 0
1623605713630 4.1060535210835206e+35 0
1623605714343 1.4877990490535003e+35 0
1623605714494 0.5769684381730511 0
1623605714813 1.5859826911584754e+35 0
1623605714851 0.021939483961212057 0
1623605715045 0.26880652804555993 0
1623605715189 2.243998460205906e+34 0
1623605715204 2.243998460205906e+34 0
1623605715573 7.62281691581508e+34 0
1623605715721 7.622816915815089e+34 0
1623605715935 1.5859826911584754e+35 0
1623605716141 0.024733117841906616 0
1623605716478 0.14219910187432921 0
1623605717217 4.788581152295401e+35 0
1623605717441 0.019977426477649093 0
1623605717460 8.190562809409082 0
1623605717644 0.024733117841906616 0
1623605717904 0.024582352692648683 0
1623605717948 0.030615101772696204 0
1623605718133 0.024733117841906616 0
1623605718274 2.1142584512125135e+34 0
1623605718309 0.030615101772696204 0
1623605718572 0.27750566596975956 0
1623605718656 4.289969921049929e+35 0
1623605719025 2.243998460205906e+34 0
1623605719041 2.243998460205906e+34 0
1623605719341 0.024733117841906616 0
1623605719552 0.024733117841906616 0
1623605719674 4.414589970537607e+35 0
1623605719743 0.024582352692648655 0
1623605719833 0.023281818655361247 0
1623605719916 0.023281818655361247 0
1623605720000 0.023281818655361247 0
1623605720044 0.023281818655361247 0
1623605720109 0.024347568392154486 0
1623605720146 0.024347568392154486 0
1623605720243 0.023281818655361247 0
1623605720315 0.023272318249708587 0
1623605720382 0.023272318249708646 0
1623605720885 0.019833380516707612 0
1623605720969 0.019833380516707612 0
1623605721055 0.019833380516707612 0
1623605721099 0.019833380516707612 0
1623605721165 0.020752982248072642 0
1623605721202 0.020752982248072642 0
1623605721301 0.019833380516707612 0
1623605721374 0.01968675521504552 0
1623605721442 0.01968675521504567 0
1623605722205 8.16215740519247e+34 0
1623605722379 4.1060535210835206e+35 0
1623605723045 0.04976938784370179 0
1623605723161 16458.416370646934 0
1623605723262 0.03782182628359626 0
1623605723330 1.2676307359896524e+35 0
1623605723584 0.0067399021493949425 0
1623605723819 0.5824801762453637 0
1623605723917 0.0502649773299368 0
1623605723956 1.3164385981998523 0
1623605724009 2.623359268721546e+34 0
1623605724085 1.619170652606703e+35 0
1623605724103 1.6191706526067026e+35 0
1623605724141 4.509070624991129e+35 0
1623605724195 7.004326869318957e+34 0
1623605724287 4.509070624991129e+35 0
1623605724337 0.6110431468587578 0
1623605724355 0.6110431468587579 0
1623605724707 0.5854165428013607 0
1623605725114 0.0500947886847157 0
1623605725523 0.059930917667395965 0
1623605725605 0.05029407408343797 0
1623605725706 0.041530505960303395 0
1623605725841 1.709981314014033 0
1623605725921 0.006631533582127362 0
1623605725957 0.04973986676385189 0
1623605726821 6.4272804156936125 0
1623605726940 0.00024210503618937908 0
1623605728289 0.04151354359085129 0
1623605728451 1.5098943171595557e+36 0
1623605728619 0.5843606523001716 0
1623605728726 3.04349593203605e+36 0
1623605728797 1.2676307359896524e+35 0
1623605729105 0.00023065673046057737 0
1623605729223 3.243021832233819e+36 0
1623605729344 8.24237934798824e+34 0
1623605729424 0.5912237059574956 0
1623605729570 1.2162036606068787e+36 0
1623605729838 0.5889055019765248 0
1623605730164 0.0003456944671227541 0
1623605730262 3.0996066494129797e+36 0
1623605730379 8.241768310292443e+34 0
1623605730458 0.5158095215146221 0
1623605730599 1.1486063589108038e+36 0
1623605730866 0.5144328560289578 0
