1623605669092 0.17004432173862294 0
1623605669281 0.29770614229317094 0
1623605670100 0.18770232345874982 0
1623605670420 0.14289227136928934 0
1623605670642 0.18818087337076053 0
1623605670714 0.14250125909424022 0
1623605670960 0.20547764296241022 0
1623605670970 0.12499999999999994 0
1623605671003 0.18432655970318754 0
1623605671062 0.19549395293180155 0
1623605671648 0.19454806980567993 0
1623605671791 0.1876928793182391 0
1623605672602 0.12526312208444132 0
1623605672897 0.19191371896186676 0
1623605672921 0.19191371896186676 0
1623605674981 0.38448675607430877 0
1623605675303 0.20596003426505916 0
1623605677103 0.25187794891764176 0
1623605677276 0.25217412139212664 0
1623605677802 0.7602350012393344 0
1623605677930 0.6497976484652188 0
1623605677968 0.6432118065179954 0
1623605678142 0.48817434235263946 0
1623605678180 0.638164294828687 0
1623605678212 0.6510175167716478 0
1623605678289 0.683228394343556 0
1623605678400 0.6490826810095468 0
1623605678520 0.6477313084726796 0
1623605678564 0.6443210384120834 0
1623605678697 0.7683477768935134 0
1623605678853 0.6513534998258188 0
1623605678867 0.2499999999999999 0
1623605679227 0.644245347990658 0
1623605679390 0.6264394662713223 0
1623605679593 0.25042408573158687 0
1623605679801 0.7417477807633088 0
1623605679812 0.25000000000000006 0
1623605679879 0.6513534998258188 0
1623605679890 0.2499999999999999 0
1623605679920 0.6264394662713223 0
1623605679980 0.30233300890442505 0
1623605680111 0.6490826810095468 0
1623605680178 0.6238147857823647 0
1623605680253 0.6416505990583294 0
1623605680327 0.6471174713806991 0
1623605680600 0.6455883530788677 0
1623605680676 0.2512760532274877 0
1623605680824 0.30350458120108614 0
1623605680851 0.6430837911199953 0
1623605680920 0.6515102056063395 0
1623605680980 0.25040252520699036 0
1623605681062 0.25028955555643884 0
1623605681127 0.6285852129904808 0
1623605681388 0.6479947897778262 0
1623605681512 0.3425690852359604 0
1623605681540 0.6236297461056348 0
1623605681601 0.6509184417350578 0
1623605681842 0.7675187045888292 0
1623605681970 0.29193297532245666 0
1623605682101 0.651802670746606 0
1623605682576 0.6513534998258188 0
1623605682627 0.2499999999999999 0
1623605682781 0.45350808458549 0
1623605683084 0.25147231342270016 0
1623605683217 0.6420891516809085 0
1623605683264 0.6500268025275785 0
1623605683424 0.6264394662713223 0
1623605683523 0.6490826810095468 0
1623605683715 0.6539490757033012 0
1623605683808 0.6490826810095468 0
1623605683850 0.6256386600252354 0
1623605683879 0.6273836186114099 0
1623605683921 0.3293306251943568 0
1623605684047 0.6509165816734972 0
1623605684148 0.6539490757033012 0
1623605684191 0.6249508673172439 0
1623605684261 0.6418985459195627 0
1623605684304 0.6244613482199695 0
1623605684333 0.6249508673172439 0
1623605684400 0.5809761196607071 0
1623605684478 0.6249508673172439 0
1623605684598 0.6193701110766524 0
1623605684660 0.6404416091754792 0
1623605684672 0.24999999999999994 0
1623605684706 0.6404416091754792 0
1623605684718 0.24999999999999994 0
1623605684745 0.6252376349744171 0
1623605684883 0.6372590368677948 0
1623605684970 0.6257058948678853 0
1623605685120 0.6434932776855373 0
1623605685191 0.6518514664658 0
1623605685236 0.6384436807828358 0
1623605685267 0.6434932776855373 0
1623605685335 0.5834049527586953 0
1623605685423 0.6434932776855373 0
1623605685568 0.6390224394576927 0
1623605685631 0.6524879749119374 0
1623605685644 0.25000000000000006 0
1623605685677 0.6524879749119374 0
1623605685689 0.25000000000000006 0
1623605685716 0.643655963807982 0
1623605685853 0.6524989987375173 0
1623605685940 0.6436350228894385 0
1623605686105 0.6677180751333216 0
1623605686118 0.25 0
1623605686160 0.6677180751333216 0
1623605686172 0.25 0
1623605686396 0.25453690891076886 0
1623605686547 0.3146802440323631 0
1623605688345 0.44888842333128137 0
1623605688510 0.4048176235831267 0
1623605688568 0.3378241074527814 0
1623605688651 0.3805498570089062 0
1623605688769 0.2549241151155513 0
1623605688789 0.25000000000000006 0
1623605688845 0.25056994236522034 0
1623605688930 0.33836170265699583 0
1623605689025 0.25066453447790665 0
1623605689070 0.28161630138856253 0
1623605689082 0.25000000000000006 0
1623605689401 0.45300971793788847 0
1623605689656 0.3304557953491472 0
1623605689877 0.33891096737205656 0
1623605689916 0.4063377108678308 0
1623605689949 0.3306945612773958 0
1623605689983 0.3976660242537908 0
1623605690046 0.3976660242537908 0
1623605695260 0.2569827932083137 0
1623605695444 0.5631187253632991 0
1623605695929 0.45971239842918854 0
1623605696226 0.46688210937301544 0
1623605696274 0.36883664863500987 0
1623605696883 0.2856229661831488 0
1623605696944 0.3659555961311417 0
1623605697530 0.3688366486350089 0
1623605697991 0.4614417704361019 0
1623605698037 0.9963985174597465 0
1623605698536 0.37012972743353884 0
1623605698649 0.4614417704361019 0
1623605698709 0.4548758088604568 0
1623605698829 0.4548758088604568 0
1623605698969 0.9725424270187246 0
1623605699038 0.9725102333117102 0
1623605699300 0.3688366486350093 0
1623605699557 0.351717165173443 0
1623605699647 0.37012943283180694 0
1623605699679 0.37308432374456746 0
1623605699723 0.45383687070114254 0
1623605699910 0.37535355533789383 0
1623605699980 0.3640533976578185 0
1623605699996 0.2500000000000001 0
1623605700089 0.48672425002934305 0
1623605700188 0.4941083549311318 0
1623605700310 0.4614417704361019 0
1623605700360 0.4513221003909319 0
1623605700428 0.4614417704361019 0
1623605701004 0.37287133169767916 0
1623605701072 0.4513221003909319 0
1623605701188 0.37254134234365666 0
1623605701250 0.4628863780191747 0
1623605701314 0.45306708782809707 0
1623605701525 0.3608803649516655 0
1623605701848 0.30554859899946124 0
1623605701964 0.4548758088604568 0
1623605702299 0.37534319794357984 0
1623605702399 0.3640533976578185 0
1623605702627 0.25207700763442054 0
1623605702742 0.35960320529569934 0
1623605702837 0.4170550336214667 0
1623605702881 0.4168908413622022 0
1623605702933 0.4168908413622022 0
1623605702978 0.4168908413622022 0
1623605703029 0.42411657665427477 0
1623605703290 0.3241467056254428 0
1623605703372 0.32590324143027005 0
1623605703507 0.3005652942392207 0
1623605703575 0.3010921818649947 0
1623605703698 0.42035107043077596 0
1623605703791 0.4170550336214667 0
1623605703854 0.3793977941770087 0
1623605703906 0.38005365861099827 0
1623605703964 0.38005365861099827 0
1623605704016 0.38005365861099827 0
1623605704100 0.3780327586413461 0
1623605704450 0.25447568636600076 0
1623605704543 0.25405522640091954 0
1623605704698 0.2634614931471927 0
1623605704776 0.2624561433264167 0
1623605704932 0.3803955080765108 0
1623605705055 0.3793977941770087 0
1623605705459 0.1348704078202257 0
1623605705618 0.1293942231100974 0
1623605706088 0.1279094143907256 0
1623605706329 0.1611275150116026 0
1623605706481 0.24790780088239867 0
1623605706764 0.1279094143907256 0
1623605706801 0.14877728505222915 0
1623605706989 0.4636080158503772 0
1623605707130 0.40370725855779344 0
1623605707145 0.125 0
1623605707503 0.36343174812133117 0
1623605707647 0.3620189529803749 0
1623605707860 0.12980260052852285 0
1623605710174 0.3621553675038921 0
1623605711011 0.3673144579671432 0
1623605713468 0.2596589398632935 0
1623605713631 0.25129504622578536 0
1623605714345 0.28008236687066873 0
1623605714496 0.42303156182694895 0
1623605714814 0.2531184100621341 0
1623605714852 0.26868175072134626 0
1623605715046 0.7311934719544401 0
1623605715190 0.6367531302057129 0
1623605715205 0.25 0
1623605715574 0.6219997270560158 0
1623605715722 0.613507845817867 0
1623605715936 0.2544063221015239 0
1623605716142 0.7103356041864091 0
1623605716479 0.3755746307034632 0
1623605717218 0.6158621674403172 0
1623605717442 0.6287123672219725 0
1623605717461 0.25000000000000006 0
1623605717645 0.7103356041864091 0
1623605717905 0.7113082119589308 0
1623605717949 0.6436378193555792 0
1623605718134 0.7103356041864091 0
1623605718275 0.26499042350855645 0
1623605718310 0.6436378193555792 0
1623605718573 0.7224943340302403 0
1623605718657 0.6289259422158798 0
1623605719026 0.6367531302057129 0
1623605719042 0.25 0
1623605719342 0.7103356041864091 0
1623605719553 0.7103356041864091 0
1623605719675 0.6370867609216779 0
1623605719744 0.7113082119589311 0
1623605719834 0.7298132629877796 0
1623605719917 0.7298132629877796 0
1623605720001 0.7298132629877796 0
1623605720045 0.7298132629877796 0
1623605720110 0.7160314113601878 0
1623605720147 0.7160314113601878 0
1623605720244 0.7298132629877796 0
1623605720316 0.7300899912801972 0
1623605720383 0.7300899912801966 0
1623605720886 0.7708503294622306 0
1623605720970 0.7708503294622306 0
1623605721056 0.7708503294622306 0
1623605721101 0.7708503294622306 0
1623605721166 0.7575483826828296 0
1623605721203 0.7575483826828296 0
1623605721302 0.7708503294622306 0
1623605721375 0.7730890683388353 0
1623605721443 0.7730890683388336 0
1623605722206 0.2557731256387088 0
1623605722380 0.34612395534501467 0
1623605723046 0.41684134011771534 0
1623605723162 0.3323318383311842 0
1623605723263 0.32505336801839196 0
1623605723331 0.9993515381680149 0
1623605723585 0.32860455454711535 0
1623605723820 0.41751982375463625 0
1623605723918 0.4105754464303019 0
1623605723957 0.32598775295393745 0
1623605724010 0.3720636299527538 0
1623605724087 0.27432464335586426 0
1623605724104 0.2500000000000001 0
1623605724142 0.251778456886802 0
1623605724196 0.33525157674759204 0
1623605724288 0.25239945121659124 0
1623605724339 0.3889568531412421 0
1623605724356 0.37499999999999994 0
1623605724708 0.4145834571986393 0
1623605725115 0.41616936868444315 0
1623605725524 0.2545331612676044 0
1623605725607 0.41019213699145696 0
1623605725707 0.32636517034084134 0
1623605725842 0.25850748769660226 0
1623605725922 0.33139943933004057 0
1623605725958 0.418493293740226 0
1623605726822 0.32398001694836287 0
1623605726941 0.9971897257892403 0
1623605728290 0.5146418077420059 0
1623605728452 0.996469837490749 0
1623605728620 0.4156393476998284 0
1623605728727 0.8746014683422838 0
1623605728798 0.9993515381680149 0
1623605729106 0.9973343627754502 0
1623605729224 0.8755549327585781 0
1623605729345 0.9992354670522692 0
1623605729425 0.40877629404250443 0
1623605729571 0.9963107590887792 0
1623605729839 0.41109449802347536 0
1623605730165 0.9960295692905328 0
1623605730263 0.8742102247739885 0
1623605730380 0.9989798346654002 0
1623605730459 0.48419047848537794 0
1623605730600 0.9949208214114976 0
1623605730867 0.4855671439710423 0
